DSCH 2.7f
VERSION 8/7/2012 1:40:15 AM
BB(30,5,99,30)
SYM  #and2
BB(55,10,90,30)
TITLE 67 21  #&
MODEL 402
PROP                                                                                                                                   
REC(0,0,0,0, )
VIS 0
PIN(55,25,0.000,0.000)b
PIN(55,15,0.000,0.000)a
PIN(90,20,0.090,0.070)s
LIG(55,25,63,25)
LIG(63,10,63,30)
LIG(83,20,90,20)
LIG(82,22,79,26)
LIG(83,20,82,22)
LIG(82,18,83,20)
LIG(79,14,82,18)
LIG(74,11,79,14)
LIG(79,26,74,29)
LIG(74,29,63,30)
LIG(63,10,74,11)
LIG(55,15,63,15)
VLG  and and2(out,a,b);
FSYM
SYM  #light1
BB(93,5,99,19)
TITLE 95 19  #light
MODEL 49
PROP                                                                                                                                   
REC(94,6,4,4,r)
VIS 1
PIN(95,20,0.000,0.000)out1
LIG(98,11,98,6)
LIG(98,6,97,5)
LIG(94,6,94,11)
LIG(97,16,97,13)
LIG(96,16,99,16)
LIG(96,18,98,16)
LIG(97,18,99,16)
LIG(93,13,99,13)
LIG(95,13,95,20)
LIG(93,11,93,13)
LIG(99,11,93,11)
LIG(99,13,99,11)
LIG(95,5,94,6)
LIG(97,5,95,5)
FSYM
SYM  #clock1
BB(30,7,45,13)
TITLE 35 10  #clock
MODEL 69
PROP   5.000 5.000                                                                                                                               
REC(32,8,6,4,r)
VIS 1
PIN(45,10,1.500,0.070)clk1
LIG(40,10,45,10)
LIG(35,8,33,8)
LIG(39,8,37,8)
LIG(40,7,40,13)
LIG(30,13,30,7)
LIG(35,12,35,8)
LIG(37,8,37,12)
LIG(37,12,35,12)
LIG(33,12,31,12)
LIG(33,8,33,12)
LIG(40,13,30,13)
LIG(40,7,30,7)
FSYM
SYM  #clock2
BB(30,22,45,28)
TITLE 35 25  #clock
MODEL 69
PROP   20.00 20.00                                                                                                                               
REC(32,23,6,4,r)
VIS 1
PIN(45,25,1.500,0.070)clk2
LIG(40,25,45,25)
LIG(35,23,33,23)
LIG(39,23,37,23)
LIG(40,22,40,28)
LIG(30,28,30,22)
LIG(35,27,35,23)
LIG(37,23,37,27)
LIG(37,27,35,27)
LIG(33,27,31,27)
LIG(33,23,33,27)
LIG(40,28,30,28)
LIG(40,22,30,22)
FSYM
LIG(45,10,50,10)
LIG(50,10,50,15)
LIG(50,15,55,15)
LIG(45,25,55,25)
LIG(90,20,95,20)
FFIG example
